imgid,Yellow,Green,Cyan,Blue,Magenta
masked,0.92207,94.14405,3.70445,1.22943,0.0
masked,0.2216,98.03184,0.91847,0.82808,0.0
masked,0.26914,98.14225,0.47264,1.11596,0.0
masked,33.18358,61.60147,4.63413,0.58082,0.0
masked,42.2673,50.94345,6.1031,0.68615,0.0
masked,46.03869,45.75562,7.47602,0.72967,0.0
masked,38.35141,56.16661,5.05722,0.42477,0.0
masked,13.07956,79.81238,6.44657,0.66149,0.0
masked,0.48106,95.5472,3.25616,0.71557,0.0
masked,1.85872,92.10227,4.56232,1.47669,0.0
masked,26.23828,67.45458,5.84423,0.46291,0.0
masked,36.20768,58.5627,4.41897,0.81065,0.0
masked,31.45885,60.57782,7.20916,0.75418,0.0
masked,26.1833,66.24922,6.9774,0.59008,0.0
masked,26.51932,67.04209,5.89275,0.54584,0.0
masked,1.8088,92.71187,4.32788,1.15145,0.0
masked,1.13706,95.28133,2.82944,0.75217,0.0
masked,0.32244,97.47715,0.96024,1.24017,0.0
masked,15.42077,79.55956,4.4942,0.52547,0.0
masked,1.51435,94.81747,2.75113,0.91704,0.0
masked,18.33711,74.11341,6.99246,0.55702,0.0
masked,6.09014,86.11592,7.07697,0.71696,0.0
masked,0.41014,97.0002,1.49481,1.09484,0.0
masked,34.24915,57.84934,7.35898,0.54253,0.0
masked,42.63748,50.97028,5.96029,0.43195,0.0
masked,4.34597,88.58756,6.08264,0.98383,0.0
masked,10.76096,83.79982,4.99574,0.44348,0.0
masked,0.66763,97.61561,1.10049,0.61627,0.0
masked,0.50038,92.52632,5.87246,1.10084,0.0
masked,0.38589,97.89485,1.16111,0.55816,0.0
masked,22.00886,72.89467,4.32593,0.77054,0.0
masked,14.76,80.17527,4.55376,0.51097,0.0
masked,15.10092,79.74286,4.68113,0.47509,0.0
masked,32.47797,61.83899,5.23431,0.44873,0.0
masked,11.67296,80.84609,6.88529,0.59566,0.0
masked,1.14624,94.90849,3.27602,0.66925,0.0
masked,37.28306,56.67665,5.263,0.77729,0.0
masked,53.69943,40.61896,5.25774,0.42386,0.0
masked,12.81998,82.26906,4.50751,0.40345,0.0
masked,2.40251,90.47773,5.27629,1.84347,0.0
masked,0.62833,94.08281,3.22756,2.0613,0.0
masked,47.09298,47.40672,5.08311,0.4172,0.0
masked,3.56276,92.46002,3.15247,0.82475,0.0
masked,1.3136,93.89589,3.75525,1.03526,0.0
masked,25.03348,67.97952,6.30169,0.68531,0.0
masked,37.14831,54.13961,8.40654,0.30554,0.0
masked,30.06889,64.80822,4.74342,0.37947,0.0
masked,38.61686,53.61984,6.92346,0.83984,0.0
masked,38.55743,55.76884,5.06218,0.61156,0.0
masked,13.44834,79.94788,5.73954,0.86423,0.0
masked,17.40362,76.25492,5.63336,0.7081,0.0
masked,7.07712,87.47378,4.77496,0.67414,0.0
masked,0.39562,97.93771,0.87823,0.78844,0.0
masked,13.19265,81.36415,4.60737,0.83583,0.0
masked,7.23956,86.61768,5.15818,0.98458,0.0
masked,1.44232,96.43868,1.53937,0.57962,0.0
masked,26.97442,65.00917,7.3076,0.70881,0.0
masked,9.86635,84.63541,4.98714,0.51109,0.0
masked,18.01464,73.93685,7.3347,0.71381,0.0
masked,0.89506,93.94979,4.41915,0.736,0.0
masked,11.62469,81.18818,6.21786,0.96927,0.0
masked,3.30777,88.49338,6.90168,1.29717,0.0
masked,16.44762,77.18297,5.79882,0.57059,0.0
masked,30.55207,63.026,5.83469,0.58724,0.0
masked,11.83019,80.29241,6.69015,1.18725,0.0
masked,0.48863,96.20713,2.57724,0.72699,0.0
masked,1.32391,95.32962,2.59073,0.75574,0.0
masked,11.31636,80.43932,7.18015,1.06417,0.0
masked,27.95782,64.35812,6.91824,0.76582,0.0
masked,7.05268,87.93077,4.38528,0.63127,0.0
masked,28.19156,66.42551,4.9564,0.42653,0.0
masked,1.40479,93.86695,3.84014,0.88812,0.0
masked,49.75046,44.53261,5.30197,0.41496,0.0
masked,10.63779,84.57951,4.28958,0.49312,0.0
masked,0.30545,97.88707,0.88272,0.92476,0.0
masked,85.34415,7.48544,6.78731,0.38309,0.0
masked,23.2611,69.56812,6.60706,0.56372,0.0
masked,0.79363,94.1205,4.29528,0.7906,0.0
masked,45.44976,48.96107,5.02104,0.56812,0.0
masked,41.10247,53.23546,5.20773,0.45433,0.0
masked,2.9465,92.77341,3.78442,0.49567,0.0
masked,1.50298,94.06759,3.4672,0.96223,0.0
masked,1.70999,92.51272,4.91883,0.85846,0.0
masked,0.32809,97.13507,1.70782,0.82901,0.0
masked,1.37193,93.59861,3.85108,1.17838,0.0
masked,0.56886,95.46169,2.90402,1.06543,0.0
masked,27.41893,66.59513,5.4391,0.54685,0.0
masked,25.44969,68.71765,5.11779,0.71487,0.0
masked,2.82712,92.44496,3.87376,0.85415,0.0
masked,8.23864,86.32481,4.76862,0.66793,0.0
masked,21.41018,73.05619,4.84364,0.68999,0.0
masked,2.87708,93.05506,3.43075,0.6371,0.0
masked,0.21459,95.85811,2.79487,1.13243,0.0
masked,0.5443,95.92502,2.28781,1.24287,0.0
masked,25.93524,63.9814,9.30837,0.775,0.0
masked,32.91746,60.08445,6.24353,0.75456,0.0
masked,17.45558,78.40227,3.66738,0.47477,0.0
masked,75.77763,19.54081,4.46542,0.21615,0.0
masked,2.14938,92.32166,4.74736,0.78159,0.0
masked,3.62275,93.0213,2.95811,0.39785,0.0
masked,32.78237,59.3324,6.93714,0.94809,0.0
masked,25.15123,68.80261,5.3644,0.68175,0.0
masked,1.47295,93.416,3.98255,1.1285,0.0
masked,17.18841,78.36692,3.99818,0.44648,0.0
masked,0.9963,94.66426,3.29886,1.04058,0.0
masked,91.34895,3.93434,4.3492,0.36751,0.0
masked,0.51449,95.82115,2.30225,1.36211,0.0
masked,37.38152,55.31239,6.77001,0.53607,0.0
masked,50.13277,43.09409,6.04964,0.72349,0.0
masked,3.23442,92.16386,4.20237,0.39934,0.0
masked,16.22773,79.80905,3.46662,0.4966,0.0
masked,0.63565,95.48872,2.64429,1.23134,0.0
masked,1.05728,93.23205,4.40019,1.31048,0.0
masked,0.25588,96.43592,1.44391,1.86429,0.0
masked,22.51266,71.77305,5.08033,0.63396,0.0
masked,46.11652,49.01813,4.45299,0.41236,0.0
masked,7.76467,87.51041,4.36477,0.36015,0.0
masked,40.80579,49.5794,8.88799,0.72683,0.0
masked,4.43119,87.77025,6.28861,1.50995,0.0
masked,10.65229,80.33985,7.93441,1.07345,0.0
masked,0.80237,95.90483,2.48735,0.80546,0.0
masked,0.6419,95.60928,2.99379,0.75502,0.0
masked,0.34045,96.65672,2.31811,0.68472,0.0
masked,7.41466,87.22628,4.65597,0.70309,0.0
masked,20.47913,74.19922,4.62346,0.69818,0.0
masked,33.57761,60.87058,5.06815,0.48366,0.0
masked,0.8046,94.43295,4.01916,0.7433,0.0
masked,15.48521,77.54969,5.98588,0.97921,0.0
masked,5.32571,87.39881,6.48662,0.78887,0.0
masked,4.43119,87.77025,6.28861,1.50995,0.0
masked,35.51551,58.66305,5.232,0.58945,0.0
masked,3.0223,88.64113,6.95362,1.38295,0.0
masked,1.50679,93.84786,3.76697,0.87838,0.0
masked,19.28408,70.45994,9.52758,0.72841,0.0
masked,0.98589,94.82538,3.42192,0.7668,0.0
masked,29.96715,65.45581,4.04637,0.53067,0.0
masked,43.16394,49.4586,6.67004,0.70743,0.0
masked,26.99103,66.5447,5.63027,0.83399,0.0
masked,1.41483,94.04041,3.89078,0.65398,0.0
masked,2.39805,91.54896,5.17118,0.88181,0.0
masked,9.09631,83.68976,6.38969,0.82424,0.0
masked,1.07366,95.17442,2.41476,1.33716,0.0
masked,31.06462,63.18838,5.14961,0.5974,0.0
masked,33.58341,61.06466,4.74772,0.6042,0.0
masked,32.55722,61.09329,5.72005,0.62945,0.0
masked,0.43594,96.69109,2.13429,0.73868,0.0
masked,16.13585,78.03071,5.24675,0.5867,0.0
masked,33.34391,61.24289,5.00331,0.40989,0.0
masked,0.50896,97.05637,1.62185,0.81282,0.0
masked,0.621,96.69179,1.95614,0.73108,0.0
masked,42.91531,51.07191,5.49294,0.51985,0.0
masked,0.55826,95.2378,3.49763,0.70631,0.0
masked,51.33805,41.07546,6.9535,0.63299,0.0
masked,20.06096,74.74855,4.7516,0.43889,0.0
masked,29.59491,63.72505,6.02968,0.65036,0.0
masked,30.30541,64.9551,4.27455,0.46494,0.0
masked,0.33087,97.26895,1.3515,1.04868,0.0
masked,3.68285,89.72285,5.47762,1.11668,0.0
masked,10.9864,82.46923,5.79838,0.74599,0.0
masked,23.9244,70.08553,5.54613,0.44395,0.0
masked,42.91995,50.66345,5.88189,0.53472,0.0
masked,19.67886,72.32489,7.14655,0.8497,0.0
masked,22.59348,69.87026,6.80191,0.73435,0.0
masked,19.88477,72.86533,6.77035,0.47955,0.0
masked,1.31579,92.83104,5.23705,0.61612,0.0
masked,0.70231,94.77043,3.09998,1.42728,0.0
masked,54.02212,39.65014,5.91421,0.41354,0.0
masked,10.88569,80.74511,7.56998,0.79921,0.0
masked,35.19198,58.73872,5.38091,0.68839,0.0
masked,42.87834,50.76189,5.45352,0.90625,0.0
masked,15.97064,77.14141,5.99487,0.89308,0.0
masked,1.80491,94.62299,3.05487,0.51723,0.0
masked,62.35913,31.63814,5.47461,0.52813,0.0
masked,32.86724,61.2144,5.21922,0.69914,0.0
masked,1.2784,96.62258,1.06477,1.03425,0.0
masked,5.17241,87.90102,6.12619,0.80037,0.0
masked,0.95097,95.24517,2.54458,1.25929,0.0
masked,30.86527,62.99354,5.35037,0.79082,0.0
masked,1.14827,91.96508,5.4158,1.47085,0.0
masked,0.27075,95.73957,3.03185,0.95783,0.0
masked,37.15073,55.56686,6.70431,0.5781,0.0
masked,2.50111,93.74722,3.19917,0.5525,0.0
masked,1.04838,94.93283,3.0403,0.97849,0.0
masked,13.41593,80.45715,5.67449,0.45242,0.0
masked,0.38472,95.91275,2.97543,0.72709,0.0
masked,13.51533,80.14,5.78468,0.55999,0.0
masked,0.45263,97.77515,1.10024,0.67198,0.0
masked,6.88131,88.46579,3.90416,0.74874,0.0
masked,20.94213,74.33251,4.29311,0.43225,0.0
masked,25.58762,68.03745,5.55322,0.82171,0.0
masked,0.50111,96.40933,1.68042,1.40914,0.0
masked,27.34061,66.30516,5.65729,0.69694,0.0
masked,5.34591,88.12893,5.97484,0.55031,0.0
masked,1.63886,93.63215,3.65781,1.07118,0.0
masked,49.79685,43.57224,5.73433,0.89658,0.0
masked,22.16098,71.39923,5.87148,0.56832,0.0
masked,4.35393,88.52752,6.36424,0.75431,0.0
masked,0.48026,97.52535,1.08725,0.90715,0.0
masked,26.31323,69.24883,3.87545,0.56249,0.0
masked,31.80885,60.09235,7.48681,0.61199,0.0
masked,66.5959,27.90343,5.26115,0.23951,0.0
masked,57.58159,35.99107,5.62693,0.80041,0.0
masked,0.64306,95.69003,2.77095,0.89595,0.0
masked,0.74418,94.86486,3.15711,1.23385,0.0
masked,0.47758,95.73269,2.62498,1.16475,0.0
masked,73.66419,19.81647,6.046,0.47334,0.0
masked,0.24083,96.60908,1.97161,1.17847,0.0
masked,14.68883,80.90774,3.82808,0.57536,0.0
masked,4.97523,86.71708,6.68579,1.6219,0.0
masked,12.26026,83.77271,3.19112,0.77591,0.0
masked,1.653,90.69708,5.99265,1.65727,0.0
masked,13.42697,77.98557,7.90046,0.687,0.0
masked,29.72563,64.51729,4.90418,0.8529,0.0
masked,21.69907,72.83764,4.80695,0.65633,0.0
masked,8.85288,86.68241,3.81263,0.65207,0.0
masked,31.85193,62.75934,4.66805,0.72068,0.0
masked,61.81298,30.45634,6.96617,0.76451,0.0
masked,0.69709,96.21236,2.51708,0.57347,0.0
masked,53.48607,39.03539,6.91039,0.56815,0.0
masked,2.89386,90.76258,5.59951,0.74405,0.0
masked,0.86986,93.26789,4.486,1.37625,0.0
masked,20.69101,73.84057,4.8264,0.64202,0.0
masked,5.84695,88.00688,5.0215,1.12468,0.0
masked,11.80963,79.83842,7.4503,0.90165,0.0
masked,0.94624,94.29676,3.53093,1.22607,0.0
masked,7.67966,87.03122,4.5843,0.70483,0.0
masked,4.00764,92.17859,3.209,0.60476,0.0
masked,2.37278,93.20385,3.88437,0.53899,0.0
masked,33.18319,48.80733,17.36712,0.64236,0.0
masked,13.03757,80.29813,6.18897,0.47533,0.0
masked,37.92675,57.3274,4.24841,0.49745,0.0
masked,6.4306,89.12348,3.1972,1.24872,0.0
masked,67.3792,24.44954,7.70031,0.47095,0.0
masked,25.38877,69.08496,5.06138,0.46489,0.0
masked,10.46171,83.78363,5.08721,0.66746,0.0
masked,21.36044,71.8707,5.91494,0.85392,0.0
masked,2.46853,91.647,5.00918,0.8753,0.0
masked,11.65726,80.94438,6.94171,0.45665,0.0
masked,49.94058,44.15239,5.53303,0.374,0.0
masked,41.63079,52.12067,5.69293,0.55562,0.0
masked,0.10827,97.30971,1.49278,1.08924,0.0
masked,1.14528,95.21249,3.11028,0.53195,0.0
masked,9.36119,80.87024,8.89313,0.87544,0.0
masked,19.96629,71.80853,7.58132,0.64386,0.0
masked,37.98418,55.57393,5.79535,0.64655,0.0
masked,4.74023,88.42826,6.20413,0.62738,0.0
masked,0.38737,97.75073,1.20711,0.65479,0.0
masked,9.40417,84.13563,5.83285,0.62735,0.0
masked,0.44004,97.85007,0.95867,0.75122,0.0
masked,0.96698,95.92264,2.51344,0.59694,0.0
masked,1.75127,93.85317,3.42135,0.97421,0.0
masked,29.15201,64.30262,5.96342,0.58195,0.0
masked,48.71309,40.52059,9.87762,0.88869,0.0
masked,53.12067,41.00209,5.63879,0.23844,0.0
masked,42.38554,52.77062,4.27153,0.57232,0.0
masked,0.93144,93.07917,3.66078,2.3286,0.0
masked,1.02742,96.30466,2.05484,0.61308,0.0
masked,28.69157,64.66556,5.75598,0.88689,0.0
masked,10.01123,83.32997,5.79476,0.86403,0.0
masked,3.04695,90.64855,5.35685,0.94765,0.0
masked,37.18562,54.16838,7.86262,0.78338,0.0
masked,37.04837,56.11688,6.26676,0.56798,0.0
masked,1.66768,92.07736,5.37675,0.87822,0.0
masked,34.6538,58.30447,6.05979,0.98194,0.0
masked,18.42617,76.14252,4.86873,0.56258,0.0
masked,3.82022,89.70344,5.10591,1.37042,0.0
masked,13.75261,79.99717,5.56754,0.68268,0.0
masked,41.35769,52.24844,5.85038,0.54349,0.0
masked,0.50897,97.09251,1.63507,0.76346,0.0
masked,4.14661,91.16518,4.10649,0.58173,0.0
masked,0.44634,93.80539,4.73443,1.01384,0.0
masked,28.0931,64.4931,6.75172,0.66207,0.0
masked,82.91357,11.02008,5.59601,0.47034,0.0
masked,48.88471,46.2354,4.39941,0.48047,0.0
masked,4.79827,91.04035,3.70029,0.4611,0.0
masked,0.74367,94.4835,4.00326,0.76957,0.0
masked,0.46862,96.8339,2.14978,0.5477,0.0
masked,44.47184,48.63058,6.06286,0.83472,0.0
masked,4.27258,91.75513,3.32166,0.65063,0.0
masked,40.07749,53.74628,5.62968,0.54655,0.0
masked,68.48259,23.88993,7.12687,0.50062,0.0
masked,1.17504,94.27687,3.55553,0.99256,0.0
masked,10.18715,83.77097,5.06125,0.98064,0.0
masked,16.37395,78.12662,4.79225,0.70718,0.0
masked,72.87071,20.83985,5.9631,0.32634,0.0
masked,46.57464,49.10745,3.94087,0.37704,0.0
masked,0.19565,96.97791,1.83613,0.99031,0.0
masked,2.07983,92.96716,4.12393,0.82907,0.0
masked,0.41706,96.95483,1.56399,1.06412,0.0
masked,12.03558,82.54234,4.70986,0.71222,0.0
masked,0.73959,95.78918,2.95268,0.51856,0.0
masked,9.38927,85.12962,4.53129,0.94982,0.0
masked,31.82466,62.04151,5.7373,0.39653,0.0
masked,1.51064,92.72053,4.87839,0.89044,0.0
masked,11.99089,81.88591,5.77225,0.35095,0.0
masked,29.66228,64.22893,5.60072,0.50807,0.0
masked,1.01149,93.8596,4.13391,0.995,0.0
masked,1.61747,93.66312,4.1874,0.53201,0.0
masked,1.36933,93.1025,4.7144,0.81377,0.0
masked,5.44146,88.16321,5.82504,0.57028,0.0
masked,0.5002,96.67124,2.00843,0.82013,0.0
masked,14.88202,80.06599,4.37152,0.68047,0.0
masked,45.81643,49.25416,4.54364,0.38578,0.0
masked,62.01071,31.03214,6.22143,0.73571,0.0
masked,18.30699,72.49778,8.13123,1.064,0.0
masked,39.37825,54.58369,5.50278,0.53528,0.0
masked,5.02494,86.55418,7.29598,1.12491,0.0
masked,0.34536,94.69539,3.7202,1.23906,0.0
masked,19.25634,76.15882,4.28864,0.2962,0.0
masked,0.60031,95.31697,2.77839,1.30433,0.0
masked,42.76862,50.61316,5.7585,0.85972,0.0
masked,0.47934,95.97098,2.41288,1.13681,0.0
masked,1.32741,91.30804,6.52841,0.83613,0.0
masked,4.42325,90.92566,3.63642,1.01467,0.0
masked,1.22642,93.12459,4.25996,1.38902,0.0
masked,85.53327,8.08015,6.13704,0.24955,0.0
masked,1.70647,94.24844,2.87111,1.17398,0.0
masked,0.59326,95.42658,3.14835,0.83182,0.0
masked,14.05982,79.35058,5.94073,0.64887,0.0
masked,0.95908,95.70058,2.32871,1.01163,0.0
masked,83.1877,10.83142,5.56699,0.41389,0.0
masked,23.95197,69.74672,5.68198,0.61932,0.0
masked,14.94709,78.90935,5.69578,0.44777,0.0
masked,12.85121,80.97861,5.63139,0.53879,0.0
masked,0.66478,96.04573,2.6591,0.63039,0.0
masked,23.5982,67.90724,7.5781,0.91647,0.0
masked,0.06584,98.18218,0.7443,1.00767,0.0
masked,1.84908,90.84624,6.39264,0.91204,0.0
masked,35.19225,60.76316,3.52192,0.52268,0.0
masked,0.86979,96.32658,1.97443,0.8292,0.0
masked,1.06928,94.76143,3.04909,1.1202,0.0
masked,0.24465,97.80224,0.97859,0.97452,0.0
masked,0.94931,95.4937,2.51392,1.04307,0.0
masked,48.55884,45.09013,5.86702,0.48401,0.0
masked,0.60195,96.25677,1.91208,1.2292,0.0
masked,30.8007,64.9912,3.72902,0.47908,0.0
masked,2.88229,87.86841,7.9381,1.3112,0.0
masked,11.33162,79.77216,7.67249,1.22373,0.0
masked,0.23634,95.18095,3.36411,1.21861,0.0
masked,1.18872,94.61644,3.43407,0.76078,0.0
masked,15.02316,78.30809,5.70717,0.96158,0.0
masked,58.63621,34.83105,5.90475,0.62799,0.0
masked,42.65563,51.41245,5.43916,0.49276,0.0
masked,26.17052,66.24486,6.51693,1.0677,0.0
masked,34.51793,59.58187,5.24891,0.65128,0.0
masked,55.8954,37.53326,6.04456,0.52678,0.0
masked,53.53238,36.08136,9.86751,0.51875,0.0
masked,7.60861,86.54309,5.11774,0.73055,0.0
masked,19.57267,72.60106,6.92405,0.90222,0.0
masked,20.77268,72.91633,5.66309,0.6479,0.0
masked,3.96953,89.98307,4.96403,1.08337,0.0
masked,1.03457,92.3382,5.53646,1.09076,0.0
masked,0.40536,96.86988,1.96773,0.75703,0.0
masked,5.15222,87.75249,5.91701,1.17828,0.0
masked,1.46691,93.52915,4.17795,0.82599,0.0
masked,7.28274,88.47886,3.60277,0.63563,0.0
masked,18.52806,74.72356,6.30488,0.4435,0.0
masked,2.65365,90.29066,6.26581,0.78988,0.0
masked,3.0206,88.97428,6.53218,1.47294,0.0
masked,18.50776,76.64246,4.14872,0.70105,0.0
masked,76.69659,18.3919,4.6123,0.29921,0.0
masked,16.34984,78.04254,4.87282,0.73479,0.0
masked,0.24037,96.94478,2.157,0.65785,0.0
masked,36.07212,58.90142,4.64995,0.37651,0.0
masked,7.91648,86.38137,4.8388,0.86335,0.0
masked,7.81047,84.71141,6.52967,0.94844,0.0
masked,17.31519,76.99713,5.27794,0.40974,0.0
masked,1.41149,93.29151,4.32856,0.96844,0.0
masked,4.81019,90.27761,4.32793,0.58427,0.0
masked,2.58164,91.08929,5.18535,1.14372,0.0
masked,2.07548,90.89982,5.96922,1.05548,0.0
masked,0.92195,94.59429,3.65058,0.83319,0.0
masked,31.1971,62.04275,6.12538,0.63477,0.0
masked,40.75753,51.69075,7.03964,0.51208,0.0
masked,11.36022,81.59605,6.37966,0.66407,0.0
masked,21.28481,72.43771,5.79845,0.47903,0.0
masked,0.85083,96.84711,1.38059,0.92147,0.0
masked,0.53359,95.8618,2.52591,1.07869,0.0
masked,42.80163,48.86782,7.84819,0.48235,0.0
masked,11.72861,81.30361,6.15503,0.81275,0.0
masked,1.30374,89.64601,7.30349,1.74676,0.0
masked,0.4182,96.78283,2.15334,0.64563,0.0
masked,15.09407,78.74399,5.52915,0.63279,0.0
masked,0.48026,97.52535,1.08725,0.90715,0.0
masked,52.14764,42.14608,5.2394,0.46688,0.0
masked,2.0845,93.07173,3.69909,1.14467,0.0
masked,36.79231,55.82334,6.71865,0.6657,0.0
masked,44.42667,50.33342,4.76281,0.47709,0.0
masked,1.49869,94.32898,3.63969,0.53264,0.0
masked,70.41891,23.81875,5.28745,0.47489,0.0
masked,4.01021,90.36769,4.60913,1.01297,0.0
masked,23.05954,70.04891,6.47327,0.41828,0.0
masked,30.89163,62.10341,6.38066,0.6243,0.0
masked,37.129,56.75498,5.63117,0.48485,0.0
masked,58.38331,36.79566,4.57272,0.24831,0.0
masked,1.065,93.74176,4.15316,1.04007,0.0
masked,0.70378,95.60516,2.8725,0.81856,0.0
masked,38.46885,55.18127,5.67758,0.6723,0.0
masked,0.37627,96.102,2.37128,1.15045,0.0
masked,1.09231,95.36089,2.28743,1.25937,0.0
masked,0.4573,94.559,3.6392,1.34451,0.0
masked,9.37592,84.80464,5.17709,0.64235,0.0
masked,66.1157,27.90504,5.58822,0.39104,0.0
masked,0.93382,95.87486,2.54048,0.65084,0.0
masked,17.03799,76.18967,6.04442,0.72792,0.0
masked,0.73949,95.27741,2.62149,1.36161,0.0
masked,1.05787,93.91722,3.84361,1.18129,0.0
masked,1.42322,94.02865,3.60137,0.94675,0.0
masked,0.55625,96.61906,1.97294,0.85175,0.0
masked,2.88294,90.86294,5.11877,1.13535,0.0
masked,1.48489,93.27941,4.45467,0.78103,0.0
masked,21.14913,71.7068,6.34559,0.79848,0.0
masked,18.92998,76.09022,4.55252,0.42728,0.0
masked,1.47875,94.48063,3.42548,0.61514,0.0
masked,1.00555,92.11966,5.69674,1.17805,0.0
masked,29.44957,65.50916,4.39034,0.65092,0.0
masked,18.37131,76.79099,4.55998,0.27772,0.0
masked,0.72877,95.59669,2.87597,0.79857,0.0
masked,3.26608,91.21291,4.31521,1.20579,0.0
masked,3.63741,90.42853,5.31178,0.62227,0.0
masked,45.9729,48.09331,5.3974,0.53639,0.0
masked,0.40097,95.99825,2.42963,1.17115,0.0
masked,27.75071,65.5228,6.2603,0.46619,0.0
masked,38.58239,55.50339,5.57111,0.34312,0.0
masked,28.0107,66.50301,4.62645,0.85983,0.0
masked,11.03007,82.24129,5.92156,0.80708,0.0
masked,1.60849,94.57168,3.04323,0.7766,0.0
masked,13.48506,79.34757,6.33768,0.8297,0.0
masked,9.27295,85.25049,4.70875,0.76781,0.0
masked,1.29366,92.79748,4.70456,1.2043,0.0
masked,34.75478,59.60954,4.9279,0.70778,0.0
masked,8.7378,85.30623,5.27835,0.67763,0.0
masked,1.30643,94.79769,3.19089,0.705,0.0
masked,79.4076,13.2582,6.8075,0.5267,0.0
masked,13.43226,80.60546,5.33953,0.62275,0.0
masked,32.75985,61.5378,5.17848,0.52386,0.0
masked,36.62924,57.06151,5.70744,0.60181,0.0
masked,64.59713,27.88888,6.94811,0.56588,0.0
masked,9.71582,84.45916,4.97694,0.84809,0.0
masked,4.81119,88.39074,5.6328,1.16527,0.0
masked,0.86702,91.89221,4.85647,2.3843,0.0
masked,7.42043,86.28854,5.69988,0.59115,0.0
masked,0.8554,94.01223,3.69639,1.43598,0.0
masked,0.61463,95.52858,2.53534,1.32145,0.0
masked,54.82463,39.16002,5.66611,0.34924,0.0
masked,0.43864,95.61808,2.82233,1.12096,0.0
masked,24.55293,67.70165,6.85882,0.88659,0.0
masked,3.02089,88.40768,7.03557,1.53586,0.0
masked,28.26391,65.71695,5.44602,0.57312,0.0
masked,0.46175,95.87455,2.63676,1.02695,0.0
masked,36.25891,57.59706,5.64939,0.49465,0.0
masked,10.19768,84.87751,4.26287,0.66195,0.0
masked,13.72437,79.45988,5.89769,0.91805,0.0
masked,1.46954,93.1547,4.2579,1.11786,0.0
masked,22.35563,71.74215,5.23433,0.66789,0.0
masked,27.65013,65.89447,5.77721,0.67818,0.0
masked,11.49767,82.66286,5.27635,0.56312,0.0
masked,73.36193,19.30577,6.89728,0.43502,0.0
masked,9.65498,84.10234,5.48054,0.76215,0.0
masked,60.88043,33.30843,5.20839,0.60275,0.0
masked,1.44272,92.76468,4.51258,1.28001,0.0
masked,39.72363,54.30345,5.28199,0.69094,0.0
masked,0.22556,98.40949,0.4627,0.90226,0.0
masked,0.19424,97.12031,1.80366,0.88179,0.0
masked,4.40459,89.80588,4.99489,0.79464,0.0
masked,3.6162,87.99276,7.31387,1.07717,0.0
masked,45.00396,47.84164,6.25322,0.90118,0.0
masked,6.27394,87.15066,6.07888,0.49652,0.0
masked,16.05161,77.76444,5.33053,0.85342,0.0
masked,7.98137,86.54433,4.61604,0.85827,0.0
masked,42.79407,51.81888,4.97912,0.40793,0.0
masked,0.28489,97.36412,1.67468,0.67631,0.0
masked,0.56341,97.49516,1.09094,0.8505,0.0
masked,0.95168,95.51812,2.6782,0.85201,0.0
masked,12.87206,81.30056,5.08128,0.74609,0.0
masked,55.82163,36.18007,7.5775,0.4208,0.0
masked,27.96327,66.27455,4.96074,0.80143,0.0
masked,31.87034,61.11948,6.66595,0.34423,0.0
masked,0.44003,95.98886,2.76289,0.80821,0.0
masked,0.57477,95.34655,3.20578,0.87291,0.0
masked,0.49782,95.79452,2.82503,0.88263,0.0
masked,3.98184,91.97579,3.42454,0.61783,0.0
masked,50.97001,43.39123,5.01142,0.62733,0.0
masked,25.60416,68.41024,5.30008,0.68552,0.0
masked,36.75297,56.78514,5.77123,0.69066,0.0
masked,9.58099,84.90994,4.67851,0.83056,0.0
masked,9.27365,84.12046,6.09027,0.51562,0.0
masked,0.53904,96.32036,2.23275,0.90785,0.0
masked,45.06934,46.22129,8.03434,0.67503,0.0
masked,1.04295,91.43076,5.85331,1.67298,0.0
masked,26.69903,66.68138,5.93833,0.68127,0.0
masked,2.90384,92.05963,4.08457,0.95196,0.0
masked,0.72766,96.72553,2.06693,0.47988,0.0
masked,83.03783,8.16789,8.14665,0.64763,0.0
masked,66.68207,27.60616,5.31793,0.39384,0.0
masked,1.71734,94.40427,3.05259,0.8258,0.0
masked,1.1445,96.02438,2.27482,0.5563,0.0
masked,0.71478,95.15206,3.19997,0.93319,0.0
masked,64.65165,28.51655,6.54292,0.28888,0.0
masked,1.14126,94.35688,3.50558,0.99628,0.0
masked,10.25673,83.24607,5.95471,0.54248,0.0
masked,2.50265,92.10764,4.09916,1.29055,0.0
masked,0.88883,93.4385,4.66285,1.00982,0.0
masked,14.99302,79.42474,4.95951,0.62273,0.0
masked,9.01195,85.33474,4.94183,0.71147,0.0
masked,3.73751,88.84116,6.27752,1.14381,0.0
masked,1.20045,95.16977,2.89104,0.73874,0.0
masked,5.92473,87.83659,5.22842,1.01026,0.0
masked,0.92378,94.00315,4.07205,1.00102,0.0
masked,0.40227,97.74283,0.98332,0.87158,0.0
masked,0.94967,95.07258,2.98651,0.99124,0.0
masked,9.83709,82.2723,6.89643,0.99417,0.0
masked,0.60093,95.92947,2.1537,1.3159,0.0
masked,2.57426,88.52527,7.49349,1.40698,0.0
masked,30.71952,62.25344,6.19023,0.83682,0.0
masked,8.54268,87.8859,2.64074,0.93069,0.0
masked,0.99085,94.72601,3.48856,0.79458,0.0
masked,0.59061,95.94515,2.77001,0.69423,0.0
masked,0.51111,95.93365,2.47517,1.08007,0.0
masked,15.32802,78.76736,4.96628,0.93834,0.0
masked,10.02194,82.82422,6.18472,0.96913,0.0
masked,53.60615,43.61293,2.49152,0.2894,0.0
masked,30.01207,63.11361,6.30914,0.56519,0.0
masked,8.79464,83.5991,6.71194,0.89432,0.0
masked,16.17888,79.49887,3.7028,0.61945,0.0
masked,1.23999,91.4314,5.97421,1.3544,0.0
masked,12.4505,82.68061,4.22178,0.64712,0.0
masked,0.88803,93.89318,3.62934,1.58945,0.0
masked,0.90994,96.19015,2.26493,0.63497,0.0
masked,0.83219,95.30707,3.01538,0.84536,0.0
masked,15.48071,77.79845,6.03736,0.68348,0.0
masked,13.27602,80.16588,5.8582,0.6999,0.0
masked,8.84909,83.7987,6.71447,0.63774,0.0
masked,0.20438,98.3709,0.41764,1.00708,0.0
masked,10.74766,81.82728,6.5724,0.85265,0.0
masked,0.54478,94.76482,3.86327,0.82713,0.0
masked,5.02434,90.36821,3.93031,0.67714,0.0
masked,1.01007,93.86949,3.36159,1.75886,0.0
masked,0.21334,98.04371,0.66417,1.07877,0.0
masked,19.19432,74.46758,5.75728,0.58082,0.0
masked,10.67954,85.3987,3.60582,0.31595,0.0
masked,29.87224,62.57689,6.66531,0.88555,0.0
masked,51.69225,41.40758,6.39512,0.50505,0.0
masked,40.07557,54.25374,4.99055,0.68013,0.0
masked,42.18537,48.8373,8.28082,0.69652,0.0
masked,19.13948,72.5642,7.45865,0.83767,0.0
masked,2.28989,93.31293,3.38548,1.0117,0.0
masked,46.08338,46.33078,6.92053,0.66531,0.0
masked,32.40072,61.25516,5.958,0.38611,0.0
masked,0.78262,94.83027,3.47087,0.91623,0.0
masked,1.68593,91.8924,5.0262,1.39547,0.0
masked,0.66705,96.24057,2.28756,0.80481,0.0
masked,64.49042,27.91709,7.01491,0.57757,0.0
masked,6.78575,87.46112,5.038,0.71513,0.0
masked,6.67332,87.01247,5.75229,0.56193,0.0
masked,2.07288,93.76406,3.14177,1.02129,0.0
masked,0.4947,96.65998,2.20512,0.6402,0.0
masked,54.28006,37.70747,7.58278,0.42969,0.0
masked,10.73671,84.28642,4.44714,0.52973,0.0
masked,1.79162,90.53688,6.1865,1.485,0.0
masked,50.99902,42.30437,6.15823,0.53838,0.0
masked,13.6358,81.53356,4.36086,0.46977,0.0
masked,20.17841,71.81255,7.28059,0.72845,0.0
masked,14.51706,76.83632,8.13331,0.5133,0.0
masked,26.77541,65.78808,6.65407,0.78244,0.0
masked,60.11861,32.88856,6.52335,0.46948,0.0
masked,3.54541,89.40639,5.78503,1.26317,0.0
masked,31.89276,61.55126,6.05695,0.49904,0.0
masked,1.31997,92.39811,5.13055,1.15136,0.0
masked,4.28455,90.72193,4.09367,0.89986,0.0
masked,14.51973,78.60728,6.14806,0.72494,0.0
masked,10.50871,73.68421,14.8671,0.93998,0.0
masked,11.65969,80.25127,7.53435,0.5547,0.0
masked,35.23662,58.79673,5.50555,0.4611,0.0
masked,12.58811,80.63438,6.04856,0.72896,0.0
masked,10.20273,83.60364,5.59944,0.5942,0.0
masked,1.26926,95.83733,2.16766,0.72575,0.0
masked,0.85557,94.47792,3.64661,1.0199,0.0
masked,56.29477,38.50189,4.74082,0.46252,0.0
masked,24.71128,69.46535,5.1557,0.66766,0.0
masked,1.9305,92.50322,4.46268,1.1036,0.0
masked,0.27562,94.85866,3.63604,1.22968,0.0
masked,69.92687,22.28443,7.00411,0.78458,0.0
masked,1.51531,95.39764,2.37507,0.71198,0.0
masked,4.03296,88.38899,6.4072,1.17086,0.0
masked,27.18305,67.51693,4.88268,0.41735,0.0
masked,7.91415,85.54899,5.77831,0.75856,0.0
masked,1.27466,93.25563,3.98114,1.48856,0.0
masked,0.38316,95.77777,2.53559,1.30348,0.0
masked,48.54812,44.94943,5.69585,0.8066,0.0
masked,60.71362,33.54126,5.30223,0.44289,0.0
masked,1.28985,92.56871,5.16306,0.97838,0.0
masked,0.49872,96.53726,2.04307,0.92094,0.0
masked,16.00488,77.80764,5.37283,0.81465,0.0
masked,6.42026,88.0835,5.06502,0.43121,0.0
masked,12.12915,79.48603,7.18173,1.20309,0.0
masked,49.6573,43.83308,5.51819,0.99142,0.0
masked,63.14724,30.93923,5.34819,0.56533,0.0
masked,53.15771,41.79199,4.52698,0.52332,0.0
masked,10.16454,80.78133,8.55062,0.50351,0.0
masked,29.66141,63.58384,6.36815,0.38659,0.0
masked,1.43475,93.89877,3.58924,1.07724,0.0
masked,11.56723,83.71077,4.06652,0.65548,0.0
masked,24.52883,71.04965,3.91971,0.50182,0.0
masked,25.97593,67.51342,5.9606,0.55006,0.0
masked,1.31602,93.13053,4.47859,1.07486,0.0
masked,34.15647,58.11116,6.98208,0.75029,0.0
masked,12.71496,82.00799,4.6552,0.62185,0.0
masked,0.33684,97.96551,0.97009,0.72757,0.0
masked,54.73121,38.74773,5.97659,0.54446,0.0
masked,4.22543,90.86254,3.91932,0.9927,0.0
masked,23.07208,70.09199,6.41381,0.42213,0.0
masked,1.07899,93.65687,4.13378,1.13037,0.0
masked,51.96797,44.1043,3.66807,0.25966,0.0
masked,30.1104,62.86053,6.32234,0.70673,0.0
masked,53.11128,40.51786,5.91707,0.45379,0.0
masked,0.74216,96.28922,2.32014,0.64849,0.0
masked,1.1636,94.45556,3.33565,1.0452,0.0
masked,8.37614,86.31338,4.71856,0.59191,0.0
masked,0.83418,94.6476,3.64998,0.86823,0.0
masked,0.60935,95.441,2.9311,1.01855,0.0
masked,1.01794,95.94096,2.34126,0.69983,0.0
masked,44.94984,49.07368,5.17634,0.80015,0.0
masked,16.02281,79.52769,3.90912,0.54038,0.0
masked,2.89227,91.78116,4.0269,1.29967,0.0
masked,0.84194,94.66131,3.6384,0.85835,0.0
masked,29.65798,63.81407,3.98944,2.53851,0.0
masked,26.79654,66.49438,6.11271,0.59636,0.0
masked,5.54636,87.69567,6.17098,0.587,0.0
masked,67.09014,25.47096,6.83481,0.60408,0.0
masked,37.17008,56.90948,5.22309,0.69734,0.0
masked,22.83123,70.22486,6.11026,0.83365,0.0
masked,1.81865,88.7048,7.40662,2.06993,0.0
masked,36.2915,56.80796,6.32853,0.57201,0.0
masked,1.34947,93.49802,4.29376,0.85875,0.0
masked,1.86413,91.20566,5.09421,1.836,0.0
masked,28.9373,64.67435,5.95086,0.43748,0.0
masked,0.55,94.83889,3.8,0.81111,0.0
masked,24.11142,70.11949,5.30228,0.4668,0.0
masked,1.20858,93.66331,4.24306,0.88505,0.0
masked,1.39904,92.4208,4.64667,1.53348,0.0
masked,0.66537,96.78575,1.92104,0.62784,0.0
masked,12.18771,82.81839,4.46223,0.53167,0.0
masked,1.34606,95.47296,2.45773,0.72325,0.0
masked,1.92449,94.06158,3.44575,0.56818,0.0
masked,1.75066,91.96665,4.85032,1.43236,0.0
masked,1.72709,91.17965,5.82161,1.27165,0.0
masked,0.90137,95.26868,2.85606,0.97389,0.0
masked,20.49973,74.93793,3.97442,0.58792,0.0
masked,0.69271,95.99032,2.60226,0.7147,0.0
masked,1.25776,92.74845,5.1118,0.88199,0.0
masked,0.84176,93.18369,4.52325,1.45131,0.0
masked,0.96131,95.8063,2.49539,0.737,0.0
masked,0.69788,94.18812,4.21552,0.89848,0.0
masked,2.13677,92.88486,3.47504,1.50332,0.0
masked,4.98169,90.45225,3.7755,0.79056,0.0
masked,3.92948,90.00118,5.07153,0.99782,0.0
masked,24.03014,70.62296,4.64129,0.70561,0.0
masked,10.34618,81.52062,7.37894,0.75426,0.0
masked,5.66226,89.21328,4.62892,0.49554,0.0
masked,0.63195,96.80596,1.99873,0.56337,0.0
masked,14.81046,78.94036,5.61695,0.63223,0.0
masked,21.82034,72.24363,5.31344,0.62259,0.0
masked,34.5438,58.56568,6.28656,0.60397,0.0
masked,40.35011,53.86115,5.36304,0.4257,0.0
masked,29.99873,64.15112,5.40773,0.44242,0.0
masked,0.52482,94.43638,3.53135,1.50745,0.0
masked,69.50769,25.32389,4.73014,0.43828,0.0
masked,6.1149,88.10127,5.06978,0.71405,0.0
masked,28.96948,64.47233,5.85629,0.7019,0.0
masked,13.17202,79.99509,6.05085,0.78204,0.0
masked,17.46417,75.70264,6.23243,0.60076,0.0
masked,4.68931,89.64813,5.1317,0.53087,0.0
masked,14.93495,80.81363,3.29393,0.95749,0.0
masked,3.88433,91.57063,3.8874,0.65763,0.0
masked,1.32514,95.19164,2.66484,0.81838,0.0
masked,0.82913,94.85245,3.43746,0.88096,0.0
masked,12.13402,82.2479,5.03053,0.58756,0.0
masked,40.26311,53.31843,5.62707,0.79139,0.0
masked,32.77683,61.99825,4.83846,0.38646,0.0
masked,21.31951,71.58347,6.21187,0.88515,0.0
masked,35.5816,56.74138,6.68312,0.9939,0.0
masked,5.02625,89.3219,4.599,1.05286,0.0
masked,32.30621,60.42701,6.65897,0.60781,0.0
masked,64.46133,29.30558,5.67999,0.55311,0.0
masked,59.47029,31.59695,7.7844,1.14836,0.0
masked,1.63817,93.65207,4.08923,0.62052,0.0
masked,1.27563,93.42093,4.13943,1.16401,0.0
masked,0.53173,96.67876,2.12145,0.66807,0.0
masked,42.69189,50.23893,6.30458,0.76459,0.0
masked,40.76635,51.65137,6.86017,0.72212,0.0
masked,1.08712,95.45656,2.511,0.94532,0.0
masked,1.29228,90.27494,5.54493,2.88785,0.0
masked,19.40716,72.94553,6.88294,0.76437,0.0
masked,43.97817,49.58332,5.92544,0.51306,0.0
masked,31.64992,62.27329,5.42727,0.64951,0.0
masked,32.85204,60.73106,5.79963,0.61727,0.0
masked,15.50825,78.76875,5.27906,0.44393,0.0
masked,0.20911,98.17572,0.83282,0.78235,0.0
masked,0.2233,96.96307,1.49614,1.31749,0.0
masked,0.18054,97.13432,1.7135,0.97164,0.0
masked,18.44763,76.31271,4.49194,0.74773,0.0
masked,26.86077,62.41149,9.82972,0.89801,0.0
masked,57.75908,36.83362,5.03783,0.36948,0.0
masked,0.70779,95.56737,2.67132,1.05352,0.0
masked,30.11628,63.41115,5.92611,0.54646,0.0
masked,46.65122,47.38888,5.45924,0.50065,0.0
masked,26.57897,67.63905,5.18755,0.59444,0.0
masked,0.39677,96.34767,2.51289,0.74267,0.0
masked,14.3152,78.71757,6.33029,0.63694,0.0
masked,42.03229,50.67208,6.46152,0.83411,0.0
masked,11.1826,83.12958,4.81277,0.87505,0.0
masked,14.09087,79.89184,5.59831,0.41898,0.0
masked,26.30381,67.02148,5.93674,0.73798,0.0
masked,27.14227,65.41075,6.60935,0.83763,0.0
masked,18.69384,77.13897,3.55651,0.61068,0.0
masked,23.94052,69.88581,5.3096,0.86407,0.0
masked,2.5202,87.59112,8.08047,1.80822,0.0
masked,10.13327,84.36869,5.14761,0.35043,0.0
masked,0.38163,96.41585,2.42018,0.78234,0.0
masked,30.84058,61.86411,6.53144,0.76387,0.0
masked,0.49734,97.59032,1.54977,0.36257,0.0
masked,30.25096,64.13225,4.89975,0.71704,0.0
masked,57.75414,36.44079,5.31542,0.48965,0.0
masked,8.83765,86.5987,3.89913,0.66453,0.0
masked,14.82781,79.78691,4.76924,0.61604,0.0
masked,0.88343,94.65127,3.40999,1.05531,0.0
masked,13.97606,79.27784,6.0245,0.7216,0.0
masked,14.6904,78.1734,6.17087,0.96533,0.0
masked,2.34097,92.21963,4.38717,1.05223,0.0
masked,6.06145,87.93753,4.71808,1.28295,0.0
masked,46.12193,49.37179,3.92595,0.58033,0.0
masked,7.90386,85.4815,6.02466,0.58998,0.0
masked,25.18196,69.85491,4.23291,0.73022,0.0
masked,0.72392,95.62266,3.08442,0.569,0.0
masked,18.0395,76.65952,4.75779,0.54319,0.0
masked,41.99677,51.8787,5.92916,0.19537,0.0
masked,14.51453,78.45483,6.2434,0.78724,0.0
masked,10.09193,84.93657,4.31154,0.65996,0.0
masked,0.3256,95.43871,3.38455,0.85114,0.0
masked,14.97421,78.25596,6.12313,0.6467,0.0
masked,16.39279,76.73899,6.26728,0.60094,0.0
masked,42.81355,51.17684,5.78602,0.22359,0.0
masked,29.30085,66.0615,4.14935,0.48831,0.0
masked,2.68598,93.3705,3.26388,0.67964,0.0
masked,1.44404,93.68912,3.85873,1.00811,0.0
masked,0.44898,96.81492,1.78441,0.95169,0.0
masked,0.1927,97.81163,1.13774,0.85793,0.0
masked,2.03624,86.71912,8.86505,2.37959,0.0
masked,25.71936,67.95254,4.94669,1.38141,0.0
masked,36.90652,58.83098,3.69804,0.56447,0.0
masked,16.15063,77.28063,6.11715,0.45158,0.0
masked,35.29454,56.44441,7.73838,0.52267,0.0
masked,52.50239,39.84681,7.00235,0.64845,0.0
masked,0.83581,95.01946,2.93489,1.20983,0.0
masked,1.90176,93.96908,3.4478,0.68135,0.0
masked,1.31958,94.06508,3.9043,0.71104,0.0
masked,33.56239,61.28713,4.94896,0.20153,0.0
masked,0.8721,95.02077,3.15548,0.95165,0.0
masked,0.71699,96.6809,1.83678,0.76533,0.0
masked,0.36002,96.4604,1.74307,1.43652,0.0
masked,22.45792,69.74715,6.75948,1.03545,0.0
masked,0.51963,95.61562,2.63063,1.23412,0.0
masked,28.36414,66.55585,4.62327,0.45673,0.0
masked,0.70894,94.82477,3.46762,0.99867,0.0
masked,1.08871,91.43851,5.33402,2.13876,0.0
masked,72.32505,23.60945,3.76053,0.30497,0.0
masked,0.97492,92.44523,5.2191,1.36076,0.0
masked,30.32782,63.83118,5.25006,0.59094,0.0
masked,7.93113,85.47573,5.8429,0.75024,0.0
masked,9.22639,83.24463,6.61124,0.91775,0.0
masked,0.63362,95.83035,2.82575,0.71027,0.0
masked,0.63817,94.98208,3.45747,0.92228,0.0
masked,0.65662,95.96369,2.24025,1.13944,0.0
masked,0.44274,93.10771,4.65304,1.79651,0.0
masked,0.48932,95.2903,2.62068,1.5997,0.0
masked,18.57932,74.73068,6.09252,0.59748,0.0
masked,31.45588,63.03085,4.91199,0.60129,0.0
masked,1.69962,94.30953,3.01356,0.97728,0.0
masked,29.97539,63.01038,6.23685,0.77738,0.0
masked,25.50466,67.85326,5.85006,0.79202,0.0
masked,2.25893,92.06367,4.82142,0.85599,0.0
masked,28.33684,66.25953,4.55317,0.85047,0.0
masked,2.8431,91.91822,4.22517,1.01351,0.0
masked,5.7817,89.67662,4.13463,0.40706,0.0
masked,3.94208,90.27164,4.73164,1.05464,0.0
masked,14.20935,78.70721,6.31881,0.76463,0.0
masked,50.93517,42.53016,5.89678,0.63788,0.0
masked,9.25893,85.36384,4.62303,0.7542,0.0
masked,1.06238,93.58181,3.83687,1.51894,0.0
masked,4.49544,88.20956,6.27208,1.02291,0.0
masked,0.62841,95.53447,2.73899,1.09813,0.0
masked,52.36586,41.23433,6.06797,0.33184,0.0
masked,0.93477,95.11994,2.59812,1.34717,0.0
masked,48.84525,45.23039,5.21868,0.70568,0.0
masked,25.39083,68.16263,5.66486,0.78167,0.0
masked,0.62806,93.66416,4.51722,1.19056,0.0
masked,14.99853,78.43533,5.69977,0.86636,0.0
masked,2.25862,91.1613,5.33855,1.24152,0.0
masked,5.14918,89.2595,5.01985,0.57146,0.0
masked,1.61025,90.25399,6.98812,1.14764,0.0
masked,27.52691,66.01544,5.78205,0.6756,0.0
masked,2.81011,92.49791,3.77134,0.92064,0.0
masked,0.87521,96.12209,2.22381,0.77888,0.0
masked,2.64745,92.27578,4.16578,0.911,0.0
masked,7.68344,85.23333,6.12529,0.95795,0.0
masked,87.3031,4.69801,7.69018,0.30872,0.0
masked,1.55452,92.76069,4.69004,0.99474,0.0
masked,67.66243,25.94173,5.98824,0.4076,0.0
masked,1.34869,90.22197,6.73644,1.69289,0.0
masked,1.31985,95.0351,3.09744,0.5476,0.0
masked,3.42617,90.46667,5.23292,0.87424,0.0
masked,1.16404,94.93195,2.59223,1.31178,0.0
masked,4.7363,90.30435,4.35128,0.60808,0.0
masked,30.11846,63.78466,5.21925,0.87763,0.0
masked,17.57079,76.66931,4.9778,0.7821,0.0
masked,40.83591,52.56014,5.86527,0.73868,0.0
masked,1.49157,93.81643,3.85519,0.83681,0.0
masked,17.72372,75.23992,6.34583,0.69053,0.0
masked,1.66476,94.33983,3.21137,0.78405,0.0
masked,0.2918,97.92026,0.93641,0.85153,0.0
masked,33.8665,59.76297,5.6759,0.69463,0.0
masked,0.34083,96.84428,1.88369,0.9312,0.0
masked,36.71642,57.09242,5.76923,0.42193,0.0
masked,34.65097,58.20236,6.44683,0.69984,0.0
masked,53.81667,40.53889,5.33056,0.31389,0.0
masked,47.44876,46.43598,5.7198,0.39547,0.0
masked,9.71982,83.48015,6.1826,0.61744,0.0
masked,17.4823,76.50706,5.43283,0.57781,0.0
masked,16.13389,76.19498,6.93112,0.74001,0.0
masked,3.71711,91.45259,4.06741,0.76288,0.0
masked,1.22342,90.318,6.13545,2.32313,0.0
masked,10.2432,84.13202,5.09464,0.53013,0.0
masked,0.33143,97.42225,1.00432,1.24201,0.0
masked,17.35158,75.2885,6.57777,0.78215,0.0
masked,0.7272,93.15891,4.64794,1.46595,0.0
masked,11.79239,82.41895,4.93454,0.85411,0.0
masked,45.92678,47.4631,6.10606,0.50406,0.0
masked,6.94932,87.87051,4.41044,0.76973,0.0
masked,0.77052,94.60637,3.81785,0.80525,0.0
masked,0.30979,97.16189,1.42905,1.09927,0.0
masked,0.32217,95.96018,2.79457,0.92308,0.0
masked,1.38408,93.09819,4.30108,1.21665,0.0
masked,0.83035,94.59866,3.41501,1.15598,0.0
masked,13.30079,79.69073,6.26024,0.74824,0.0
masked,28.75997,65.18067,5.46985,0.58951,0.0
masked,0.52927,96.59701,2.17195,0.70177,0.0
masked,0.48697,95.68244,2.62346,1.20713,0.0
masked,32.26073,60.7321,6.39268,0.61449,0.0
masked,5.42384,88.8552,5.057,0.66396,0.0
masked,69.64957,23.89067,5.84232,0.61744,0.0
masked,4.91437,88.7028,5.50932,0.87351,0.0
masked,35.7139,55.59981,8.08891,0.59738,0.0
masked,7.14578,87.6766,4.57873,0.59889,0.0
masked,56.08302,38.95527,4.48026,0.48145,0.0
masked,47.78044,46.31727,5.48345,0.41884,0.0
masked,18.32211,74.33618,6.24858,1.09312,0.0
masked,25.84098,68.36285,4.94275,0.85342,0.0
masked,20.64979,73.10573,5.438,0.80648,0.0
masked,28.79756,62.69131,7.38702,1.12411,0.0
masked,17.72837,76.54043,5.04507,0.68613,0.0
masked,1.68565,89.23103,7.81074,1.27258,0.0
masked,1.97994,91.56107,5.71102,0.74798,0.0
masked,43.47416,50.68546,5.28317,0.55721,0.0
masked,21.45006,73.50758,4.55938,0.48299,0.0
masked,1.88226,90.31446,6.64613,1.15716,0.0
masked,29.2869,64.27858,6.00444,0.43008,0.0
masked,1.58319,95.68361,2.34885,0.38436,0.0
masked,0.4758,96.5986,2.16375,0.76185,0.0
masked,10.746,83.68117,4.90397,0.66885,0.0
masked,19.55061,74.40048,5.61564,0.43326,0.0
masked,48.24444,45.669,5.66596,0.4206,0.0
masked,47.58766,45.50008,6.46631,0.44595,0.0
masked,26.59073,67.41349,5.53034,0.46544,0.0
masked,0.91389,92.33997,4.8436,1.90255,0.0
masked,59.02294,34.5045,5.87695,0.59562,0.0
masked,18.56414,74.11651,6.57233,0.74702,0.0
masked,0.34005,97.64999,1.15072,0.85924,0.0
masked,2.38307,93.28528,3.59106,0.74059,0.0
masked,0.48751,95.88725,2.71763,0.90761,0.0
masked,0.29623,95.7029,2.32226,1.67861,0.0
masked,0.63907,96.83741,1.80251,0.721,0.0
masked,40.21797,54.39555,4.82427,0.5622,0.0
masked,1.39009,92.9998,4.648,0.96211,0.0
masked,61.95108,32.03218,5.52234,0.49439,0.0
masked,30.76034,62.94074,5.5833,0.71562,0.0
