imgid,Yellow,Green,Cyan,Blue,Magenta
masked,59.68192,30.42446,9.243,0.65062,0.0
masked,62.39153,29.79841,6.92448,0.88559,0.0
masked,66.0244,26.67025,6.88554,0.41981,0.0
masked,64.11285,28.81373,6.32903,0.74439,0.0
masked,55.09074,38.44591,5.58213,0.88122,0.0
masked,20.48279,72.55152,5.94593,1.01976,0.0
masked,19.31602,72.04583,7.6591,0.97906,0.0
masked,18.60744,73.02588,7.13285,1.23383,0.0
masked,15.5426,79.35756,4.17462,0.92521,0.0
masked,36.05841,57.17599,5.65931,1.10629,0.0
masked,38.61764,56.51143,4.30145,0.56948,0.0
masked,29.66147,62.41671,6.76761,1.15421,0.0
masked,24.23878,68.46554,6.79704,0.49864,0.0
masked,6.64947,87.33913,4.71355,1.29786,0.0
masked,11.75756,81.69246,5.21027,1.33971,0.0
masked,10.36894,82.91557,5.82285,0.89264,0.0
masked,8.22958,86.74323,3.89255,1.13464,0.0
masked,8.40116,86.33779,4.54385,0.7172,0.0
masked,24.11432,69.02544,6.08412,0.77611,0.0
masked,24.80273,69.60598,5.04961,0.54168,0.0
masked,33.1293,61.00327,5.23094,0.63649,0.0
masked,22.59158,71.55025,5.28677,0.5714,0.0
masked,55.94466,37.83983,5.42967,0.78584,0.0
masked,53.54536,40.46041,5.41523,0.579,0.0
masked,45.85847,47.06769,6.479,0.59484,0.0
masked,67.731,25.49056,5.95616,0.82228,0.0
masked,69.08379,24.27345,6.02944,0.61332,0.0
masked,48.95178,44.39744,5.98142,0.66936,0.0
masked,64.39776,30.36971,4.81958,0.41295,0.0
masked,65.00058,28.44999,6.04697,0.50245,0.0
masked,70.67613,23.16999,5.7433,0.41058,0.0
masked,69.69046,25.31099,4.6638,0.33475,0.0
masked,43.479,50.60998,5.28273,0.62829,0.0
masked,48.35809,44.83991,5.9935,0.80851,0.0
masked,55.53256,37.35075,6.3421,0.77459,0.0
masked,62.63458,30.68665,6.14985,0.52892,0.0
masked,67.62327,24.47169,6.88429,1.02074,0.0
masked,34.26313,59.66215,5.56674,0.50798,0.0
masked,40.23114,54.20113,5.19253,0.3752,0.0
masked,22.59282,72.08699,4.67057,0.64962,0.0
masked,24.06175,69.58504,5.77539,0.57782,0.0
masked,78.8752,12.93619,7.48035,0.70826,0.0
masked,83.78927,7.94843,7.59762,0.66468,0.0
masked,73.80725,17.68845,7.85623,0.64806,0.0
masked,75.07288,18.09004,6.04842,0.78866,0.0
masked,79.62129,13.84927,5.72528,0.80415,0.0
masked,38.31494,57.4963,3.77561,0.41314,0.0
masked,22.12306,72.93953,4.52978,0.40763,0.0
masked,32.15486,62.65145,4.63642,0.55727,0.0
masked,36.66484,57.55897,5.32364,0.45255,0.0
masked,42.83164,51.46937,5.29284,0.40615,0.0
masked,49.48348,46.22001,3.68181,0.6147,0.0
masked,27.44954,65.65502,5.99935,0.89608,0.0
masked,40.12198,51.73517,7.54807,0.59477,0.0
masked,41.37517,51.35588,6.46453,0.80443,0.0
masked,27.74783,66.00812,5.6225,0.62155,0.0
masked,47.07196,44.65553,7.80589,0.46662,0.0
masked,44.1195,49.43082,5.84591,0.60377,0.0
masked,23.58397,70.88551,4.94629,0.58423,0.0
masked,29.59638,65.71221,4.16566,0.52576,0.0
masked,35.90931,58.0387,5.39269,0.6593,0.0
masked,25.6253,68.23467,5.38996,0.75008,0.0
masked,43.24296,51.27136,4.91268,0.57301,0.0
masked,28.18961,66.0421,5.41317,0.35512,0.0
masked,33.88513,61.29074,4.48831,0.33582,0.0
masked,36.19437,58.31891,5.08987,0.39685,0.0
masked,35.61318,59.12298,4.86343,0.40042,0.0
masked,40.31108,54.42068,4.77717,0.49107,0.0
masked,27.85684,66.33225,5.11202,0.69889,0.0
masked,19.90068,72.17156,7.16027,0.76749,0.0
masked,22.76797,72.15961,4.61408,0.45834,0.0
masked,28.9953,66.01912,4.35069,0.6349,0.0
masked,21.74394,74.28753,3.56287,0.40566,0.0
masked,48.69576,43.89018,6.55778,0.85629,0.0
masked,30.54484,64.49103,4.13229,0.83184,0.0
masked,34.56085,60.22599,4.64458,0.56858,0.0
masked,34.1943,58.93395,6.09071,0.78104,0.0
masked,46.55612,46.84538,5.79374,0.80477,0.0
masked,65.98232,27.53747,6.11242,0.36779,0.0
masked,47.9445,44.87164,6.3729,0.81096,0.0
masked,39.09392,56.01409,4.39509,0.4969,0.0
masked,23.78683,72.68955,3.35352,0.17011,0.0
masked,21.22101,73.77647,4.63764,0.36488,0.0
masked,24.52752,70.09367,5.01362,0.36519,0.0
masked,28.89202,65.26194,5.09307,0.75297,0.0
masked,23.79847,70.83315,4.7057,0.66268,0.0
masked,20.15632,73.37529,5.82638,0.64202,0.0
masked,37.96493,55.55051,5.51343,0.97113,0.0
masked,65.56654,27.13126,6.68673,0.61546,0.0
masked,48.37689,45.06686,5.6962,0.86004,0.0
masked,52.10251,41.8818,5.28816,0.72753,0.0
masked,36.60103,56.82305,5.84644,0.72948,0.0
masked,44.42352,49.48625,5.28706,0.80317,0.0
masked,48.14495,46.22007,4.89855,0.73643,0.0
masked,23.13843,73.1951,3.17957,0.4869,0.0
masked,63.33821,32.18077,3.99585,0.48518,0.0
masked,73.91257,21.82915,3.92084,0.33744,0.0
masked,39.0652,59.67146,1.10923,0.15411,0.0
masked,33.73976,61.63814,4.26243,0.35967,0.0
masked,31.27083,64.26251,4.1795,0.28716,0.0
masked,21.06402,73.65865,4.72871,0.54862,0.0
masked,27.06646,66.80392,5.62388,0.50573,0.0
masked,29.97787,63.36004,6.076,0.58609,0.0
masked,34.18031,58.71152,6.43595,0.67222,0.0
masked,28.07497,64.41102,6.77361,0.74039,0.0
masked,72.81443,18.41477,7.90834,0.86247,0.0
masked,83.14681,9.82704,6.20025,0.8259,0.0
masked,66.73423,27.20801,5.58399,0.47378,0.0
masked,77.53504,16.06016,5.81435,0.59045,0.0
masked,49.90729,43.57419,5.80071,0.7178,0.0
masked,51.11335,42.81227,5.39851,0.67587,0.0
masked,45.83505,47.54543,5.7424,0.87712,0.0
masked,87.09495,5.35456,7.07544,0.47505,0.0
masked,89.35403,5.11536,4.96483,0.56578,0.0
masked,61.20998,30.43542,7.53774,0.81686,0.0
masked,78.75176,14.77316,5.82148,0.65359,0.0
masked,63.04048,30.39286,5.95281,0.61385,0.0
masked,77.68353,15.79285,5.90139,0.62223,0.0
masked,67.42667,25.55016,6.4524,0.57077,0.0
masked,70.29158,22.20102,6.74107,0.76632,0.0
masked,14.67867,79.44088,5.40662,0.47383,0.0
masked,20.27732,74.29248,4.71528,0.71492,0.0
masked,17.91474,75.90257,5.64143,0.54126,0.0
masked,69.18893,24.98244,5.44111,0.38752,0.0
masked,50.43428,44.92303,3.99405,0.64864,0.0
masked,68.26222,25.46072,5.6722,0.60486,0.0
masked,71.06955,23.77468,4.73994,0.41582,0.0
masked,60.34796,34.65639,4.58805,0.40761,0.0
masked,89.89218,3.4812,6.26984,0.35678,0.0
masked,91.70734,2.90505,5.10943,0.27817,0.0
masked,91.25908,2.91095,5.35916,0.47081,0.0
masked,91.8562,2.64358,5.24999,0.25024,0.0
masked,91.32353,3.50969,4.93074,0.23605,0.0
masked,91.15472,3.59245,5.0239,0.22893,0.0
masked,25.82721,69.3501,4.22298,0.59971,0.0
masked,29.48007,66.74043,3.37413,0.40537,0.0
masked,28.22759,66.77968,4.47472,0.51801,0.0
masked,28.27618,66.43335,4.67884,0.61163,0.0
masked,23.42069,70.38751,5.46696,0.72484,0.0
masked,27.92651,66.74639,4.78352,0.54358,0.0
masked,21.9935,74.34835,3.17167,0.48648,0.0
masked,38.16978,56.77997,4.43662,0.61362,0.0
masked,49.8826,45.54615,4.02583,0.54542,0.0
masked,31.69879,64.96425,2.95744,0.37952,0.0
masked,23.50533,71.6925,4.16471,0.63746,0.0
masked,70.08925,24.68005,4.87076,0.35994,0.0
masked,63.47167,31.21449,4.80047,0.51336,0.0
masked,74.15484,20.04976,5.31733,0.47807,0.0
masked,67.58191,28.76571,3.2624,0.38998,0.0
masked,51.23542,42.79278,5.33825,0.63355,0.0
masked,49.75888,44.42199,5.07557,0.74355,0.0
masked,33.94812,60.78454,4.78581,0.48153,0.0
masked,68.95343,25.81926,4.71256,0.51474,0.0
masked,50.41054,45.15968,4.12811,0.30167,0.0
masked,40.43817,52.51434,6.05643,0.99105,0.0
masked,38.72352,54.24619,6.10226,0.92803,0.0
masked,18.5423,76.1155,4.68278,0.65942,0.0
masked,21.12935,73.03991,5.14294,0.6878,0.0
masked,17.45505,77.14136,4.61312,0.79046,0.0
masked,15.6538,76.58917,6.81453,0.9425,0.0
masked,17.24774,77.21085,4.75423,0.78718,0.0
masked,17.10595,76.79706,5.6334,0.46359,0.0
masked,15.61238,77.25113,6.4861,0.65039,0.0
masked,12.98146,81.42846,4.80264,0.78744,0.0
masked,16.07336,78.77884,4.5663,0.5815,0.0
masked,23.94767,69.97256,5.59459,0.48518,0.0
masked,31.33195,62.16011,5.92823,0.57971,0.0
masked,19.95038,73.25641,6.04891,0.7443,0.0
masked,38.46315,54.02897,6.58828,0.91959,0.0
masked,26.31024,67.13179,5.68398,0.87399,0.0
masked,39.06936,54.86987,5.37355,0.68722,0.0
masked,32.43962,62.92332,4.16236,0.47469,0.0
masked,37.54924,57.8364,4.22964,0.38472,0.0
masked,45.85813,49.2583,4.29495,0.58862,0.0
masked,31.02063,63.47112,4.79906,0.70919,0.0
masked,31.68984,64.08723,3.66047,0.56246,0.0
masked,50.39955,45.02702,4.09564,0.47779,0.0
masked,49.88356,46.45014,3.1346,0.53171,0.0
masked,57.18535,38.41509,3.9667,0.43285,0.0
masked,55.67083,38.19394,5.75946,0.37577,0.0
masked,57.25794,39.42592,2.97833,0.33781,0.0
masked,60.1876,35.37233,4.05259,0.38747,0.0
masked,46.47505,48.69193,4.23523,0.59779,0.0
masked,50.41251,44.06772,5.08352,0.43625,0.0
masked,71.09457,23.11874,5.16368,0.623,0.0
masked,62.65634,31.77857,4.9939,0.57118,0.0
masked,54.08427,41.47806,3.98579,0.45188,0.0
masked,29.23065,66.24746,4.23128,0.2906,0.0
masked,24.51352,71.10487,3.92234,0.45927,0.0
masked,49.37769,45.81859,4.34125,0.46247,0.0
masked,76.54681,18.25655,4.73892,0.45772,0.0
masked,47.50396,46.68152,5.27694,0.53757,0.0
masked,23.01316,70.82175,5.58513,0.57996,0.0
masked,20.81515,73.69631,5.05979,0.42875,0.0
masked,24.38292,69.90617,5.04761,0.66331,0.0
masked,29.14655,65.35479,4.95489,0.54377,0.0
masked,21.19439,73.33077,4.93255,0.54229,0.0
masked,43.07488,50.64472,5.64981,0.63058,0.0
masked,42.82617,49.56633,7.14024,0.46726,0.0
masked,75.63761,18.21892,5.61845,0.52502,0.0
masked,46.34831,46.12051,6.85335,0.67783,0.0
masked,36.8357,53.66639,8.98615,0.51176,0.0
masked,19.97298,75.64838,4.01541,0.36323,0.0
masked,10.40432,84.73132,4.47147,0.39289,0.0
masked,27.35244,69.00908,3.39431,0.24417,0.0
masked,37.77686,58.50609,3.55758,0.15947,0.0
masked,2.40453,92.77767,3.93906,0.87875,0.0
masked,8.78285,84.76791,5.39134,1.0579,0.0
masked,12.71716,82.32312,4.23133,0.72839,0.0
masked,13.50706,81.61727,4.22214,0.65352,0.0
masked,32.30732,61.85773,5.25327,0.58168,0.0
masked,16.85058,77.38376,5.2691,0.49656,0.0
masked,18.56499,77.50784,3.44463,0.48254,0.0
masked,62.3662,32.83037,4.41396,0.38947,0.0
masked,58.1697,37.97379,3.60764,0.24888,0.0
masked,42.94768,53.46854,3.17354,0.41023,0.0
masked,67.40204,26.96036,5.19866,0.43894,0.0
masked,41.09074,54.10797,4.38331,0.41798,0.0
masked,56.32082,38.93,4.46864,0.28053,0.0
masked,64.29733,28.52273,6.5076,0.67234,0.0
masked,51.6679,41.0624,6.61611,0.65359,0.0
masked,62.82699,31.45005,5.13811,0.58486,0.0
masked,65.0351,28.71796,5.79257,0.45437,0.0
masked,22.08423,76.44125,1.29253,0.182,0.0
masked,26.68788,71.29299,1.74185,0.27728,0.0
masked,15.91378,78.33933,4.89179,0.8551,0.0
masked,33.10507,61.77118,4.66396,0.45979,0.0
masked,83.6874,12.54362,3.48107,0.28791,0.0
masked,36.38786,58.04873,4.80748,0.75593,0.0
masked,44.00822,49.74937,5.52944,0.71297,0.0
masked,39.45374,53.60431,6.21772,0.72423,0.0
masked,35.69262,58.10625,5.47367,0.72745,0.0
masked,5.60608,92.53856,1.30067,0.5547,0.0
masked,7.57246,89.05036,2.75848,0.61871,0.0
masked,28.52056,69.56209,1.65029,0.26706,0.0
masked,54.25568,41.77557,3.45564,0.51311,0.0
masked,21.62667,76.35841,1.87652,0.1384,0.0
masked,45.77469,50.87073,3.07758,0.277,0.0
masked,29.37357,65.02669,5.05284,0.5469,0.0
masked,45.10264,49.86728,4.78455,0.24553,0.0
masked,53.41891,42.37336,3.87491,0.33281,0.0
masked,49.26066,45.87229,4.35648,0.51058,0.0
masked,35.75717,62.01362,2.10476,0.12446,0.0
masked,36.99442,57.84043,4.79837,0.36678,0.0
masked,33.32174,61.44494,4.64797,0.58535,0.0
masked,63.96076,29.07751,6.42533,0.5364,0.0
masked,67.71794,25.80558,6.00181,0.47466,0.0
masked,64.61524,30.63724,4.27781,0.46972,0.0
masked,68.26308,24.77098,6.54052,0.42542,0.0
masked,78.37342,14.26665,6.6954,0.66453,0.0
masked,52.81303,41.5753,5.16062,0.45104,0.0
masked,61.52138,31.54602,6.03894,0.89366,0.0
masked,44.80443,50.42116,4.32792,0.44649,0.0
masked,30.1626,64.50658,4.73647,0.59435,0.0
masked,72.93315,20.31711,6.14149,0.60824,0.0
masked,79.3776,15.02162,5.092,0.50878,0.0
masked,52.35524,40.94076,6.00727,0.69674,0.0
masked,19.40932,74.53411,5.3716,0.68497,0.0
masked,20.08286,73.43798,5.72387,0.75529,0.0
masked,23.68865,70.56335,5.04183,0.70617,0.0
masked,10.28935,83.41602,5.42858,0.86605,0.0
masked,11.14211,82.31476,5.72083,0.8223,0.0
masked,22.26009,70.62372,6.25609,0.86011,0.0
masked,59.00152,35.27449,5.27625,0.44773,0.0
masked,41.44139,51.43021,6.27662,0.85178,0.0
masked,41.77191,49.13408,8.41337,0.68063,0.0
masked,53.16755,39.0976,7.15893,0.57592,0.0
masked,54.59016,37.56706,7.06781,0.77496,0.0
masked,50.01809,41.96642,7.06014,0.95534,0.0
masked,31.44904,63.28871,4.55812,0.70412,0.0
masked,43.53568,48.93089,7.03694,0.49649,0.0
masked,30.50169,59.84746,8.61695,1.0339,0.0
masked,57.11846,37.51965,4.89021,0.47167,0.0
masked,41.30079,51.84255,6.41366,0.443,0.0
masked,41.64755,52.0079,5.73768,0.60687,0.0
masked,55.95631,38.23441,5.32917,0.48011,0.0
masked,73.16412,20.42477,5.97233,0.43878,0.0
masked,62.55899,32.40088,4.61688,0.42325,0.0
masked,58.02116,35.88328,5.6158,0.47976,0.0
masked,83.52895,10.3104,5.65445,0.5062,0.0
masked,31.38483,63.07482,4.96159,0.57876,0.0
masked,50.77829,42.9598,5.4671,0.7948,0.0
masked,39.7514,53.59442,6.1025,0.55168,0.0
masked,32.22193,60.1603,7.00348,0.61428,0.0
masked,29.55602,64.50159,4.92459,1.0178,0.0
masked,57.68896,35.96153,5.93653,0.41298,0.0
masked,45.54136,49.31271,4.66174,0.4842,0.0
masked,71.09028,22.07384,6.36862,0.46726,0.0
masked,69.34783,25.56262,4.8261,0.26345,0.0
masked,65.94682,26.73094,6.74915,0.57309,0.0
masked,68.78563,25.06521,5.68289,0.46627,0.0
masked,79.58242,13.9583,5.89468,0.56459,0.0
masked,75.47929,18.16932,5.85148,0.49991,0.0
masked,33.67161,59.26085,6.41632,0.65122,0.0
masked,35.29888,56.98911,6.89834,0.81367,0.0
masked,42.76044,50.53307,5.98569,0.7208,0.0
masked,39.68464,53.61156,5.98621,0.71759,0.0
masked,46.90496,44.53387,7.74451,0.81666,0.0
masked,21.39617,72.21164,5.13176,1.26043,0.0
masked,70.81526,21.76117,6.90097,0.5226,0.0
masked,62.64062,31.54531,5.39994,0.41413,0.0
masked,67.13143,25.89715,6.50472,0.46669,0.0
masked,73.71362,18.59211,7.0987,0.59556,0.0
masked,56.74247,36.7069,6.14661,0.40401,0.0
masked,46.43848,47.41559,5.55909,0.58684,0.0
masked,65.231,27.26444,7.03343,0.47112,0.0
masked,58.48677,32.91868,8.02912,0.56543,0.0
masked,42.24657,49.87513,7.13759,0.74072,0.0
masked,24.67151,63.71909,10.78919,0.82021,0.0
masked,30.42006,62.76807,6.15601,0.65587,0.0
masked,39.10818,53.39586,6.71614,0.77983,0.0
masked,47.69749,44.93368,6.27203,1.09681,0.0
masked,54.47,38.74003,6.18873,0.60123,0.0
masked,53.52319,39.72033,5.75034,1.00614,0.0
masked,59.23883,33.15315,6.98658,0.62144,0.0
masked,58.11449,35.72763,5.53249,0.62539,0.0
masked,44.44768,49.4548,5.39967,0.69786,0.0
masked,22.85673,71.33081,5.0233,0.78917,0.0
masked,17.64917,75.8385,5.8509,0.66143,0.0
masked,18.09365,77.06211,4.3079,0.53634,0.0
masked,25.33945,68.53595,5.69749,0.42711,0.0
masked,13.10189,81.21258,4.86792,0.81761,0.0
masked,7.84942,86.21546,5.19824,0.73688,0.0
masked,28.32415,63.12971,7.84755,0.6986,0.0
masked,40.76482,51.63721,6.98623,0.61174,0.0
masked,27.80942,62.36682,9.05984,0.76392,0.0
masked,44.07744,48.9344,6.12937,0.8588,0.0
masked,29.55872,63.31907,6.23576,0.88646,0.0
masked,33.48245,57.47208,8.27112,0.77436,0.0
masked,46.46887,48.60291,4.21288,0.71535,0.0
masked,28.94037,66.80219,3.64631,0.61113,0.0
masked,54.63426,40.81954,4.11178,0.43443,0.0
masked,24.83183,70.77476,3.87613,0.51728,0.0
masked,63.57363,29.62341,6.24208,0.56088,0.0
masked,53.11541,41.79946,4.61913,0.466,0.0
masked,80.35526,14.75622,4.55916,0.32936,0.0
masked,81.02337,13.57013,5.03379,0.37271,0.0
masked,90.15292,5.44506,4.09485,0.30717,0.0
masked,74.27365,18.97194,6.255,0.49941,0.0
masked,86.18594,10.8719,2.71242,0.22974,0.0
masked,45.16252,49.73151,4.49534,0.61063,0.0
masked,35.83343,57.09659,6.25333,0.81666,0.0
masked,59.28466,34.82607,5.32582,0.56345,0.0
masked,68.85525,25.50732,5.08945,0.54798,0.0
masked,19.98925,72.9142,6.34068,0.75587,0.0
masked,21.39485,72.49148,5.21425,0.89942,0.0
masked,35.80376,59.17579,4.53009,0.49036,0.0
masked,19.40388,74.83305,5.26902,0.49406,0.0
masked,21.56016,72.32001,5.40644,0.71339,0.0
masked,18.08291,77.485,3.82252,0.60956,0.0
masked,55.95986,37.81002,5.68961,0.54051,0.0
masked,14.7499,79.22271,5.0924,0.93499,0.0
masked,56.07052,37.57446,5.86083,0.49419,0.0
masked,50.65143,42.56891,6.37565,0.40401,0.0
masked,18.44414,76.13042,4.40356,1.02188,0.0
masked,38.54376,56.87866,4.23767,0.33991,0.0
masked,37.12149,56.43393,5.5931,0.85147,0.0
masked,30.52169,62.97697,5.84513,0.6562,0.0
masked,38.53691,55.41477,5.33691,0.71141,0.0
masked,45.97816,47.57318,5.85982,0.58884,0.0
masked,38.32857,56.46859,4.6118,0.59104,0.0
masked,22.12706,73.35765,4.03294,0.48235,0.0
masked,22.85993,72.88797,3.85225,0.39985,0.0
masked,29.02483,65.59856,4.58871,0.7879,0.0
masked,23.48661,70.61401,5.28266,0.61672,0.0
masked,55.88452,38.78077,4.90223,0.43248,0.0
masked,41.66215,52.64658,5.1424,0.54887,0.0
masked,38.8516,55.4852,5.06536,0.59784,0.0
masked,30.47553,62.79518,6.23753,0.49177,0.0
masked,35.20288,60.40069,4.00687,0.38956,0.0
masked,45.70745,48.72619,4.99053,0.57583,0.0
masked,41.03037,52.93995,5.46538,0.5643,0.0
masked,35.03979,59.62908,4.82152,0.50961,0.0
masked,18.27445,76.23541,4.81947,0.67067,0.0
masked,16.00264,79.38575,4.05491,0.5567,0.0
masked,10.23456,85.69,3.43219,0.64325,0.0
masked,12.80256,83.01814,3.43102,0.74828,0.0
masked,28.21319,67.85802,3.47754,0.45125,0.0
masked,19.88018,75.26226,4.38094,0.47663,0.0
masked,23.46394,69.94185,5.83901,0.7552,0.0
masked,35.41228,58.10186,6.03705,0.44881,0.0
masked,31.82084,60.6577,6.97388,0.54757,0.0
masked,26.32532,67.0287,5.83463,0.81135,0.0
masked,19.66797,72.73735,7.0199,0.57478,0.0
masked,40.27958,54.50838,4.72172,0.49032,0.0
masked,13.21817,82.26092,3.90297,0.61795,0.0
masked,18.28587,77.29078,3.97103,0.45232,0.0
masked,18.35336,77.77735,3.31626,0.55303,0.0
masked,18.23795,76.16025,4.93245,0.66935,0.0
masked,18.99839,75.50464,4.92189,0.57507,0.0
masked,17.49633,78.43285,3.61198,0.45883,0.0
masked,38.1871,57.13996,4.19799,0.47495,0.0
masked,34.39319,60.79189,4.46385,0.35106,0.0
masked,34.9415,61.5691,3.05813,0.43127,0.0
masked,27.79835,68.07741,3.63488,0.48935,0.0
masked,33.75769,60.482,5.0242,0.73611,0.0
masked,26.12574,69.32657,3.98426,0.56343,0.0
masked,26.88595,67.39262,5.20845,0.51297,0.0
masked,27.45635,65.61106,6.29859,0.634,0.0
masked,28.88545,65.24862,5.30243,0.56349,0.0
masked,26.96466,64.94188,7.20063,0.89283,0.0
masked,26.52599,68.26391,4.65228,0.55782,0.0
masked,23.69178,69.96889,5.70774,0.63159,0.0
masked,25.97454,67.14968,5.88135,0.99443,0.0
masked,41.61601,51.5257,6.10577,0.75252,0.0
masked,30.49849,60.79284,7.41143,1.29725,0.0
masked,49.37718,46.33204,4.0323,0.25848,0.0
masked,41.97973,52.88508,4.54178,0.59341,0.0
masked,34.39603,58.63521,6.09465,0.87411,0.0
masked,29.56918,65.03774,4.73585,0.65723,0.0
masked,41.85404,53.4026,4.24576,0.4976,0.0
masked,49.44402,45.67223,4.58891,0.29484,0.0
masked,52.25431,43.27586,4.06034,0.40948,0.0
masked,13.46006,80.52244,5.36568,0.65181,0.0
masked,11.86192,81.99059,5.23657,0.91092,0.0
masked,12.03337,81.74074,5.56196,0.66393,0.0
masked,18.26019,76.44804,4.67877,0.61301,0.0
masked,17.17879,77.29807,4.80747,0.71567,0.0
masked,13.94602,81.37439,4.21829,0.4613,0.0
masked,26.55878,68.83344,3.99583,0.61195,0.0
masked,12.71489,82.76068,3.7857,0.73873,0.0
masked,13.80715,79.64311,5.19805,1.3517,0.0
masked,29.75399,64.74861,5.0988,0.39861,0.0
masked,41.39971,51.60175,6.25379,0.74475,0.0
masked,29.21778,66.16099,3.97764,0.64358,0.0
masked,33.0157,63.07309,3.42393,0.48728,0.0
masked,20.67866,74.01472,4.52984,0.77678,0.0
masked,11.7989,81.91299,5.42153,0.86657,0.0
masked,17.05076,78.16173,4.31829,0.46922,0.0
masked,12.84382,82.06375,4.23743,0.855,0.0
masked,17.54228,78.09459,3.92611,0.43702,0.0
masked,14.67212,79.64585,4.97178,0.71025,0.0
masked,15.19932,79.26004,4.95714,0.5835,0.0
masked,14.47635,79.72732,5.24131,0.55502,0.0
masked,18.19523,76.69764,4.77635,0.33078,0.0
masked,11.89075,83.09537,4.6586,0.35528,0.0
masked,11.83986,83.71128,3.97544,0.47342,0.0
masked,33.88013,61.73595,4.09767,0.28624,0.0
masked,39.06849,55.14034,5.37464,0.41653,0.0
masked,14.30201,81.1904,4.12873,0.37886,0.0
masked,51.01988,42.32255,6.12702,0.53054,0.0
masked,29.0286,64.54266,5.6938,0.73493,0.0
masked,24.03395,70.58185,4.72043,0.66377,0.0
masked,19.0666,74.04003,6.01746,0.87591,0.0
masked,25.69476,68.56866,5.18841,0.54816,0.0
masked,26.22199,69.05843,4.15041,0.56916,0.0
masked,26.58807,68.48092,4.38404,0.54697,0.0
masked,35.39641,61.12802,3.04999,0.42558,0.0
masked,32.6383,63.28747,3.72789,0.34634,0.0
masked,32.54287,63.94108,3.10167,0.41438,0.0
masked,28.01095,67.24128,4.00692,0.74085,0.0
masked,43.69323,51.64302,3.84733,0.81641,0.0
masked,22.45663,73.29914,3.66509,0.57913,0.0
masked,6.36978,89.94316,3.01975,0.66731,0.0
masked,7.24914,87.88085,4.01156,0.85845,0.0
masked,7.82113,87.61721,3.89075,0.67091,0.0
masked,6.18421,89.67344,3.46719,0.67515,0.0
masked,6.33729,88.59704,4.38295,0.68272,0.0
masked,7.54312,85.93515,5.8771,0.64464,0.0
masked,5.30787,90.07346,4.08976,0.52892,0.0
masked,4.16916,91.8958,3.28502,0.65003,0.0
masked,9.94916,85.35244,3.92817,0.77023,0.0
masked,10.89335,84.72871,3.62162,0.75633,0.0
masked,4.40866,91.7074,3.33004,0.55389,0.0
masked,3.13,94.03227,2.37169,0.46604,0.0
masked,3.64167,91.40984,4.38656,0.56193,0.0
masked,4.70309,89.91154,4.50546,0.87992,0.0
masked,11.09116,85.05586,3.48126,0.37172,0.0
masked,6.61243,88.6557,4.06375,0.66812,0.0
masked,8.22521,87.54415,3.66215,0.56849,0.0
masked,14.11233,81.23316,4.07718,0.57732,0.0
masked,10.28477,83.5301,5.35807,0.82706,0.0
masked,10.06479,85.81478,3.55806,0.56236,0.0
masked,42.09643,51.29489,5.71652,0.89216,0.0
masked,42.36353,51.62285,5.27078,0.74284,0.0
masked,34.9035,58.06564,6.51663,0.51422,0.0
masked,39.30606,53.95262,6.09471,0.64662,0.0
masked,27.20919,66.72628,5.53032,0.53421,0.0
masked,33.93471,61.15285,4.41813,0.49432,0.0
masked,30.24107,64.57121,4.65415,0.53357,0.0
masked,18.56106,74.3041,6.11718,1.01766,0.0
masked,20.49066,74.00787,4.88888,0.61259,0.0
masked,21.88415,72.6508,4.87143,0.59362,0.0
masked,23.75372,70.0202,5.05952,1.16656,0.0
masked,29.81234,62.61708,6.72866,0.84193,0.0
masked,25.42579,67.28231,6.47388,0.81802,0.0
masked,41.70524,51.69637,5.85326,0.74513,0.0
masked,24.00124,68.87732,6.04254,1.0789,0.0
masked,27.24469,64.00961,7.44048,1.30522,0.0
masked,48.41746,46.3131,4.71207,0.55737,0.0
masked,43.06252,49.74294,6.39797,0.79657,0.0
masked,40.97567,52.3072,6.26758,0.44955,0.0
masked,49.78286,43.73067,5.88194,0.60452,0.0
masked,39.81088,53.62058,5.90718,0.66136,0.0
masked,36.43112,54.83224,8.01663,0.72001,0.0
masked,43.88321,49.42263,6.01122,0.68294,0.0
masked,8.65763,86.65915,3.87775,0.80547,0.0
masked,4.81995,89.3289,4.87925,0.9719,0.0
masked,13.28908,81.37967,4.55812,0.77314,0.0
masked,15.85732,78.76538,4.49507,0.88223,0.0
masked,16.41203,79.06111,3.69147,0.83539,0.0
masked,15.70186,78.95264,4.39881,0.94669,0.0
masked,13.41981,81.16601,4.67614,0.73805,0.0
masked,26.5022,68.56932,4.34319,0.58529,0.0
masked,22.80405,71.09769,5.27371,0.82455,0.0
masked,20.40913,74.08841,4.99171,0.51075,0.0
masked,13.78276,80.76809,4.81622,0.63293,0.0
masked,35.10748,59.68056,4.59229,0.61967,0.0
masked,25.63394,68.52127,5.13886,0.70593,0.0
masked,30.97312,63.67459,4.77617,0.57611,0.0
masked,30.76815,63.20241,5.37761,0.65183,0.0
masked,22.44571,70.3442,6.24589,0.96421,0.0
masked,21.79226,72.25887,5.42299,0.52588,0.0
masked,35.9266,55.91621,7.15907,0.99811,0.0
masked,23.81216,70.63536,4.8714,0.68107,0.0
masked,53.54198,38.68066,7.21889,0.55847,0.0
masked,46.60477,45.60189,6.9231,0.87024,0.0
masked,58.53928,33.39217,7.55369,0.51486,0.0
masked,68.82235,22.15049,8.41867,0.60849,0.0
masked,62.46035,30.54199,6.37705,0.6206,0.0
masked,70.40898,22.50273,6.51387,0.57442,0.0
masked,13.01312,81.72489,4.80067,0.46132,0.0
masked,40.17861,54.16766,5.26554,0.38819,0.0
masked,23.79646,71.43088,4.26081,0.51185,0.0
masked,5.38789,89.93053,4.2262,0.45538,0.0
masked,46.3921,48.95945,4.18895,0.4595,0.0
masked,44.57513,48.10041,6.89911,0.42535,0.0
masked,71.89412,23.97218,3.69932,0.43437,0.0
masked,68.3614,26.89755,4.35273,0.38831,0.0
masked,88.74167,5.69981,5.20928,0.34924,0.0
masked,86.66362,7.76542,4.94359,0.62737,0.0
masked,15.79357,79.4646,4.14722,0.59461,0.0
masked,34.948,60.88235,3.8263,0.34335,0.0
masked,60.51784,33.24192,5.48771,0.75253,0.0
masked,35.23209,58.7732,5.40917,0.58554,0.0
masked,33.67911,60.92669,4.79484,0.59935,0.0
masked,50.40101,44.32301,4.4897,0.78629,0.0
masked,60.17947,35.50586,3.95615,0.35852,0.0
masked,20.08041,75.3021,3.89245,0.72504,0.0
masked,29.75654,64.95827,4.71162,0.57357,0.0
masked,32.07438,60.7664,6.48043,0.67879,0.0
masked,38.7177,54.82297,5.84051,0.61882,0.0
masked,31.15837,63.11965,5.15029,0.57169,0.0
masked,72.08567,26.26053,1.40274,0.25105,0.0
masked,31.66711,63.5426,4.31812,0.47217,0.0
masked,27.03262,66.86313,5.44794,0.6563,0.0
masked,69.90728,24.78897,4.92195,0.38181,0.0
masked,75.23263,15.48154,8.6965,0.58933,0.0
masked,79.79849,12.66835,7.04954,0.48363,0.0
masked,74.96618,17.22484,7.01373,0.79524,0.0
masked,81.43959,10.40468,7.73078,0.42495,0.0
masked,81.87179,12.67009,5.21923,0.23889,0.0
masked,11.70043,82.75604,4.73945,0.80408,0.0
masked,7.00243,87.53667,4.78999,0.67091,0.0
masked,12.98412,81.82719,4.7235,0.46519,0.0
masked,16.62056,79.08732,3.92146,0.37066,0.0
masked,9.17043,86.571,3.62964,0.62893,0.0
masked,5.50975,88.96833,4.27759,1.24433,0.0
masked,2.83455,92.96379,3.50411,0.69756,0.0
masked,3.18491,92.9634,3.02579,0.8259,0.0
masked,3.06727,91.74454,4.36788,0.82032,0.0
masked,3.45313,91.49277,4.43304,0.62107,0.0
masked,4.08714,91.20021,3.88933,0.82331,0.0
masked,5.75643,87.7346,5.58254,0.92643,0.0
masked,37.44809,58.3649,3.66449,0.52252,0.0
masked,29.24127,66.6743,3.60136,0.48308,0.0
masked,11.11736,82.95173,5.30116,0.62975,0.0
masked,12.27391,82.60624,4.04147,1.07838,0.0
masked,11.65063,83.10784,4.50491,0.73662,0.0
masked,12.51261,81.23529,5.70564,0.54646,0.0
masked,26.17467,70.40535,2.94544,0.47454,0.0
masked,17.85831,75.47522,6.00219,0.66427,0.0
masked,16.95427,75.68881,6.44234,0.91458,0.0
masked,17.8086,78.02821,3.87637,0.28682,0.0
masked,25.48351,69.75147,4.32743,0.43758,0.0
masked,39.17144,56.36855,4.08745,0.37255,0.0
masked,20.34491,75.07583,3.87476,0.7045,0.0
masked,14.43043,80.02225,4.87969,0.66762,0.0
masked,15.42701,79.69903,4.3995,0.47446,0.0
masked,13.63179,83.25435,2.52883,0.58503,0.0
masked,39.01787,55.40196,4.97808,0.60209,0.0
masked,69.36704,26.48042,3.85847,0.29407,0.0
masked,40.66191,54.42641,4.54966,0.36202,0.0
masked,60.01128,35.42888,4.09134,0.46849,0.0
masked,64.4878,31.57204,3.4725,0.46766,0.0
masked,65.81067,30.46954,3.24144,0.47835,0.0
masked,70.93297,25.81752,3.0527,0.1968,0.0
masked,63.3365,31.04798,4.97942,0.6361,0.0
masked,71.04959,21.62778,6.77165,0.55098,0.0
masked,65.89753,26.90128,6.64032,0.56087,0.0
masked,67.28351,25.09285,7.1154,0.50824,0.0
masked,70.88664,21.90239,6.76084,0.45013,0.0
masked,61.78427,31.12969,6.12766,0.95838,0.0
masked,66.95414,25.86101,6.59965,0.5852,0.0
masked,10.39334,82.87849,6.01648,0.71169,0.0
masked,45.25951,47.04201,7.18782,0.51066,0.0
masked,23.21201,69.4809,6.78271,0.52437,0.0
masked,21.89715,72.45891,5.02564,0.61831,0.0
masked,51.22169,40.01378,8.01086,0.75368,0.0
masked,44.86737,47.81688,6.87878,0.43696,0.0
masked,45.14138,46.50206,7.33108,1.02549,0.0
masked,29.03208,65.42416,4.90108,0.64267,0.0
masked,27.77643,65.99102,5.35259,0.87996,0.0
masked,60.60978,33.66604,5.16785,0.55633,0.0
masked,68.45964,25.31704,5.69749,0.52583,0.0
masked,43.6027,50.32826,5.30058,0.76846,0.0
masked,50.99974,43.45402,5.13666,0.40957,0.0
masked,12.95586,76.52838,9.62469,0.89107,0.0
masked,17.1833,75.57246,6.32451,0.91972,0.0
masked,21.71951,72.08421,5.46689,0.7294,0.0
masked,28.74388,65.13618,5.69653,0.42341,0.0
masked,23.4894,71.26647,4.50315,0.74098,0.0
masked,52.66256,39.09526,7.3344,0.90778,0.0
masked,19.12044,73.88306,6.15026,0.84624,0.0
masked,12.806,79.07144,7.4191,0.70345,0.0
masked,12.11233,80.85024,6.0921,0.94533,0.0
masked,12.806,80.36983,5.61003,1.21414,0.0
masked,7.67445,85.09778,6.01435,1.21342,0.0
masked,7.8305,83.08225,7.50826,1.57899,0.0
masked,6.69778,87.46287,5.00049,0.83885,0.0
masked,6.08913,85.7751,6.49143,1.64434,0.0
masked,5.56981,88.81972,4.57375,1.03672,0.0
masked,5.19284,90.07099,3.42497,1.31121,0.0
masked,6.61373,88.41184,3.85734,1.11709,0.0
masked,5.2385,89.17303,4.36496,1.22351,0.0
masked,8.48411,85.48503,5.0121,1.01877,0.0
masked,6.01644,88.04483,4.9144,1.02432,0.0
masked,9.00731,85.7294,4.18241,1.08088,0.0
masked,9.43125,82.94064,6.51221,1.11591,0.0
masked,3.45357,91.23422,4.41617,0.89603,0.0
